
24 1011.1 10.8 10.4
35 1009.7 10.8 10.1
44 1008.6 10.6 10
52 1007.7 10.5 10
61 1006.6 10.4 10
71 1005.4 10.3 9.9
83 1004 10.2 9.9
95 1002.5 10.1 9.9
106 1001.1 10 9.9
116 999.9 9.9 9.9
125 998.8 9.9 9.9
135 997.7 9.8 9.8
144 996.6 9.8 9.8
152 995.7 9.7 9.7
160 994.7 9.6 9.6
168 993.7 9.6 9.6
176 992.8 9.6 9.6
184 991.9 9.5 9.5
192 990.9 9.5 9.5
200 989.9 9.4 9.4
209 988.9 9.4 9.4
219 987.7 9.3 9.3
229 986.5 9.3 9.3
239 985.2 9.2 9.2
251 983.9 9.2 9.2
261 982.7 9.1 9.1
270 981.6 9 9
278 980.6 9 9
286 979.8 9 9
294 978.7 8.9 8.9
305 977.5 8.9 8.9
315 976.3 8.8 8.8
323 975.4 8.8 8.8
331 974.4 8.7 8.7
341 973.3 8.8 8.8
351 972 8.9 8.9
361 970.9 9.2 9.2
369 969.9 9.8 9.7
379 968.8 10.1 9.8
389 967.6 10.3 9.7
398 966.6 10.9 9.9
407 965.6 11.3 9.8
417 964.4 11.4 9.6
427 963.2 11.7 9.6
438 962 12.3 9.6
450 960.7 13.3 9.7
460 959.5 14.4 9.8
470 958.3 15.7 9.7
480 957.2 16.4 9.2
490 956.1 16.7 8.7
500 955 16.9 8.4
508 954.1 17.2 8.2
515 953.3 17.4 8.1
521 952.6 17.6 7.9
529 951.8 17.9 7.8
536 950.9 18.1 7.6
543 950.2 18.5 7.5
550 949.4 18.8 7.4
558 948.6 19.1 7.1
565 947.7 19.3 7
573 946.9 19.7 6.9
580 946.1 20.1 6.8
586 945.4 20.3 6.7
594 944.6 20.3 6.6
603 943.6 20.4 6.5
612 942.6 21 6.3
620 941.7 21.5 5.8
628 940.9 21.8 5.2
635 940.1 22 4.8
642 939.4 22.1 4.4
649 938.6 22.2 4.2
656 937.8 22.3 4
663 937.1 22.5 3.9
671 936.2 23 3.9
680 935.2 23.4 3.9
689 934.3 23.6 4
697 933.4 23.7 4
707 932.4 23.8 3.8
718 931.2 24 3.6
728 930.1 24.2 3.5
739 929 24.3 3.4
750 927.8 24.4 3.3
760 926.7 24.5 3.3
769 925.8 24.6 3.1
778 924.8 24.7 2.8
788 923.8 24.7 2.6
796 922.9 24.6 2.4
803 922.2 24.7 2.1
809 921.5 25.1 1.2
816 920.8 25.3 ########
823 920 25.4 ########
830 919.3 25.4 ########
836 918.7 25.4 -1.2
843 918 25.4 -1.6
850 917.3 25.5 -1.9
857 916.5 25.5 -2.2
864 915.8 25.5 -2.6
870 915.1 25.6 -2.9
877 914.4 25.5 -3
884 913.7 25.5 -3.2
890 913 25.5 -3.4
897 912.3 25.5 -3.6
904 911.6 25.5 -3.8
911 910.8 25.5 -3.9
919 910 25.5 -3.8
928 909.1 25.5 -3.8
937 908.1 25.4 -3.7
948 907 25.3 -3.5
959 905.9 25.2 -3.4
969 904.9 25.2 -2.9
979 903.8 25.1 -1.7
988 902.9 25 ########
997 902 25 0
1008 900.9 24.9 0.5
1017 899.9 24.8 ########
1025 899 24.7 1.2
1035 898.1 24.7 1.8
1044 897.1 24.8 2.9
1055 896 24.7 3.5
1066 894.9 24.7 3.8
1075 894 24.6 3.9
1081 893.3 24.6 3.9
1087 892.7 24.5 4
1094 892 24.4 4
1103 891.1 24.4 4
1113 890.1 24.3 4.1
1127 888.7 24.2 4.1
1139 887.4 24.1 4.1
1150 886.3 24 4.1
1162 885.1 23.9 4.1
1173 884 23.8 4.1
1182 883.1 23.7 4.3
1191 882.2 23.7 4.4
1199 881.3 23.6 4.5
1207 880.6 23.5 4.5
1214 879.9 23.5 4.6
1220 879.2 23.4 4.7
1227 878.6 23.4 4.8
1233 877.9 23.3 4.8
1240 877.3 23.3 4.8
1247 876.5 23.2 4.7
1254 875.8 23.2 4.7
1261 875.1 23.1 4.7
1268 874.4 23.1 4.6
1275 873.7 23.1 4.5
1281 873.1 23 4.3
1289 872.3 23 4.1
1296 871.6 23 4
1303 870.9 23 3.7
1309 870.3 23 3.5
1316 869.6 23 3.2
1323 868.9 22.9 2.8
1330 868.2 22.9 2.5
1336 867.6 22.9 2.5
1341 867.1 22.8 2.5
1347 866.5 22.8 2.5
1353 865.9 22.8 2.7
1360 865.2 22.7 3
1367 864.5 22.7 3.2
1374 863.8 22.7 3
1381 863.2 22.7 2.5
1386 862.6 22.7 2.1
1393 862 22.7 1.8
1399 861.3 22.7 1.5
1405 860.7 22.7 1.1
1411 860.1 22.6 ########
1417 859.5 22.6 ########
1423 858.9 22.5 ########
1430 858.3 22.5 0.5
1436 857.6 22.4 ########
1443 857 22.4 ########
1450 856.3 22.4 ########
1456 855.6 22.3 ########
1463 855 22.2 0
1469 854.4 22.2 0
1476 853.8 22.1 ########
1482 853.1 22.1 ########
1490 852.4 22 ########
1496 851.7 21.9 ########
1503 851.1 21.9 0
1509 850.5 21.9 ########
1515 849.9 21.8 ########
1521 849.3 21.7 ########
1528 848.6 21.7 ########
1534 848 21.6 ########
1541 847.3 21.6 ########
1548 846.7 21.5 ########
1555 845.9 21.5 ########
1563 845.2 21.4 ########
1570 844.5 21.4 -0.5
1578 843.7 21.3 -0.5
1588 842.8 21.2 -0.5
1597 841.9 21.2 -0.5
1607 840.9 21.1 ########
1618 839.8 21 -0.5
1629 838.8 20.9 ########
1639 837.8 20.8 ########
1650 836.7 20.7 ########
1661 835.6 20.6 ########
1673 834.5 20.5 ########
1685 833.4 20.4 ########
1697 832.1 20.3 ########
1709 831 20.2 ########
1720 830 20.1 ########
1731 828.9 20 ########
1743 827.7 19.9 -1
1753 826.7 19.8 -1
1761 826 19.8 -1
1767 825.4 19.7 -1
1773 824.8 19.6 -1
1779 824.2 19.6 -1
1786 823.6 19.5 -1
1793 822.9 19.5 -1
1801 822.1 19.4 -1
1809 821.4 19.3 -1
1816 820.7 19.2 -1
1824 820 19.2 -1.1
1831 819.3 19.1 -1.1
1839 818.6 19 -1.1
1846 817.8 18.9 -1.1
1854 817.1 18.9 -1.1
1862 816.3 18.8 -1.1
1870 815.6 18.7 -1.1
1877 814.9 18.6 -1.1
1884 814.3 18.6 -1.1
1891 813.6 18.5 -1.1
1898 812.9 18.4 -1.1
1906 812.2 18.4 -1.1
1913 811.5 18.3 -1.2
1920 810.8 18.2 -1.2
1927 810.1 18.1 -1.2
1936 809.3 18.1 -1.2
1947 808.3 18 -1.2
1959 807.2 17.9 -1.2
1971 806 17.7 -1.2
1983 804.9 17.6 -1.2
1994 803.9 17.5 -1.2
2003 802.9 17.4 -1.3
2012 802.1 17.3 -1.3
2020 801.4 17.3 -1.2
2027 800.7 17.2 -1.3
2034 800.1 17.1 -1.3
2040 799.5 17.1 -1.3
2046 799 17 -1.3
2052 798.4 16.9 -1.4
2058 797.8 16.9 -1.3
2065 797.2 16.8 -1.3
2072 796.5 16.7 -1.3
2079 795.8 16.7 -1.3
2085 795.2 16.6 -1.3
2092 794.6 16.5 -1.3
2099 794 16.5 -1.3
2105 793.4 16.4 -1.3
2112 792.8 16.3 -1.4
2119 792.1 16.3 -1.4
2126 791.5 16.2 -1.4
2132 790.9 16.1 -1.6
2139 790.2 16.1 -1.6
2147 789.5 16 -1.6
2154 788.9 15.9 -1.6
2161 788.2 15.9 -1.6
2168 787.6 15.8 -1.5
2175 786.9 15.7 -1.6
2182 786.2 15.7 -1.6
2190 785.6 15.6 -1.7
2196 784.9 15.5 -1.7
2203 784.3 15.5 -1.8
2212 783.5 15.4 -1.9
2222 782.5 15.3 -2
2233 781.5 15.2 -2.1
2243 780.6 15.2 -2.3
2255 779.5 15.1 -2.5
2267 778.4 15 -2.7
2278 777.3 14.9 -2.9
2289 776.4 14.8 -3.3
2300 775.4 14.8 -4.1
2309 774.5 14.9 -5.4
2320 773.6 15 -7
2331 772.6 15.1 -8.2
2342 771.6 15 -8.5
2352 770.6 14.9 -8.6
2362 769.7 14.9 -8.6
2373 768.7 14.8 -8.5
2382 767.9 14.7 -8.5
2388 767.3 14.6 -8.4
2395 766.7 14.5 -8.4
2404 765.9 14.5 -8.4
2416 764.8 14.4 -8.3
2428 763.7 14.3 -8.1
2439 762.7 14.2 -7.9
2451 761.6 14.1 -7.9
2464 760.5 14 -8
2474 759.6 14 -8.1
2482 758.9 13.9 -8.3
2488 758.3 13.9 -8.5
2494 757.7 13.9 -8.9
2501 757.1 13.9 -9.5
2509 756.4 13.9 -10.2
2517 755.7 13.9 -10.8
2525 755 13.9 -11.1
